1.484096100000000000e+08
1.484096102700000000e+11
1.484096109000000000e+10
1.484096110100000000e+10
1.484096120000000000e+08
1.484096129200000000e+10
1.484096130000000000e+08
1.484096189000000000e+09
1.484096200000000000e+07
1.484096217000000000e+09
1.484096223000000000e+09
1.484096229700000000e+10
1.484096230000000000e+08
1.484096263000000000e+09
1.484096290000000000e+09
1.484096300000000000e+07
1.484096306000000000e+09
1.484096360000000000e+08
1.484096380000000000e+09
1.484096390000000000e+08
1.484096400000000000e+07
1.484096438000000000e+09
1.484096440000000000e+08
1.484096480000000000e+08
1.484096563000000000e+09
1.484096620000000000e+08
1.484096690000000000e+08
1.484096779000000000e+09
1.484096932000000000e+09
1.480225104000000000e+09
1.480275620000000000e+08
1.480275869000000000e+09
1.480347728000000000e+09
1.480347800000000000e+07
1.480384109000000000e+09
1.480384115000000000e+09
1.480384124000000000e+09
1.480384163000000000e+09
1.480384600000000000e+07
1.480384990000000000e+09
1.480456173000000000e+09
1.480456309000000000e+09
1.480456630000000000e+08
1.480512264000000000e+09
1.480512400000000000e+07
1.480512720000000000e+08
1.480512850000000000e+08
1.480512890000000000e+08
1.480640110000000000e+08
1.480701200000000000e+07
1.480701250000000000e+08
1.480701490000000000e+08
1.480701650000000000e+08
1.480896190000000000e+08
1.480974310000000000e+08
1.481024210000000000e+08
1.481024290000000000e+08
1.481024900000000000e+07
1.481106600000000000e+07
1.481152100000000000e+08
1.481280300000000000e+07
1.481280600000000000e+07
1.481536100000000000e+08
1.481536140000000000e+08
1.481920160000000000e+08
1.482176139800000000e+10
1.482432200000000000e+07
1.482944200000000000e+07
2.294096100000000000e+08
2.294096132700000000e+10
2.294096138100000000e+10
2.294096180000000000e+08
2.294096191000000000e+09
2.294096240000000000e+08
2.294096366100000000e+10
2.294096450000000000e+08
2.294096460000000000e+08
2.294096480000000000e+08
2.294096590000000000e+08
2.294096670000000000e+08
2.294096890000000000e+08
2.294096910000000000e+08
2.290107640000000000e+08
2.290139220000000000e+08
2.290139600000000000e+07
2.290192184000000000e+09
2.290192210000000000e+09
2.290192330000000000e+08
2.290192940000000000e+08
2.290225120000000000e+08
2.290225200000000000e+07
2.290225870000000000e+08
2.290275100000000000e+08
2.290275350000000000e+08
2.290288100000000000e+09
2.290288180000000000e+08
2.290288310000000000e+08
2.290288580000000000e+08
2.290288700000000000e+07
2.290288800000000000e+07
2.290347130000000000e+08
2.290347170000000000e+08
2.290347410000000000e+08
2.290347850000000000e+08
2.290384130000000000e+08
2.290576150000000000e+08
2.290576320000000000e+08
2.290672190000000000e+08
2.291106200000000000e+07
2.291248800000000000e+07
2.291269600000000000e+07
2.292496100000000000e+08
2.292784200000000000e+07
2.424096100000000000e+08
2.424096102000000000e+09
2.424096131000000000e+09
2.424096153400000000e+10
2.424096210000000000e+08
2.424096270000000000e+08
2.424096400000000000e+07
2.424096418000000000e+09
2.424096480000000000e+08
2.424096710000000000e+08
2.420225210000000000e+08
2.420225497000000000e+09
2.420275670000000000e+08
2.420347320000000000e+08
2.420347470000000000e+08
2.420480150000000000e+08
2.420480230000000000e+08
2.420480460000000000e+08
2.420480500000000000e+07
2.420637450000000000e+08
2.420672600000000000e+07
2.420776120000000000e+08
2.420776360000000000e+08
2.420960110000000000e+08
2.420974190000000000e+08
2.420974500000000000e+07
2.421106150000000000e+08
2.421106900000000000e+07
2.421248700000000000e+07
2.421920200000000000e+07
2.422016200000000000e+07
2.423195400000000000e+07
2.423744400000000000e+07
3.294096116000000000e+09
3.294096118200000000e+10
3.294096119000000000e+09
3.294096154000000000e+09
3.294096310000000000e+08
3.294096490000000000e+09
3.294096700000000000e+07
3.294096786000000000e+09
3.290192183000000000e+09
3.290192370000000000e+08
3.290192690000000000e+08
3.290192700000000000e+07
3.290192910000000000e+08
3.290225115000000000e+09
3.290225380000000000e+08
3.290275100000000000e+08
3.290275340000000000e+08
3.290288500000000000e+08
3.290288530000000000e+08
3.290288670000000000e+08
3.290384180000000000e+08
3.290384290000000000e+08
3.290384400000000000e+08
3.290384460000000000e+08
3.290480100000000000e+08
3.290480220000000000e+08
3.290480250000000000e+08
3.290480360000000000e+08
3.290576200000000000e+07
3.290576900000000000e+07
3.290637110000000000e+08
3.290672120000000000e+08
3.290672130000000000e+08
3.290672200000000000e+08
3.290672700000000000e+07
3.290776100000000000e+08
3.290864130000000000e+08
3.290864900000000000e+07
3.290974800000000000e+07
3.291152700000000000e+07
3.291248110000000000e+08
3.291269500000000000e+07
3.291344300000000000e+07
3.291475700000000000e+07
3.292304300000000000e+07
3.292496200000000000e+07
3.292880300000000000e+07
3.293072200000000000e+07
